9.95,-17.15,-88.55,0,-90,-15.73,-0.71,0.4,38.11,-67.44,39.16,-0.91,-91.45,0,90,14.28,-0.61,-0.44,34.62,-59.07,34.12,0.4,
4.95,-19.14,-88.51,0,-90,-15.75,-0.72,0.39,37.53,-66.39,38.77,-0.9,-91.49,0,90,14.26,-0.61,-0.39,34.34,-58.71,34.09,0.33,
-0.08,-21.14,-88.48,0,-90,-15.76,-0.73,0.38,36.96,-65.35,38.39,-0.88,-91.52,0,90,14.24,-0.61,-0.35,34.05,-58.35,34.05,0.27,
-5.04,-23.14,-88.45,0,-90,-15.78,-0.73,0.37,36.34,-64.27,38.01,-0.87,-91.55,0,90,14.23,-0.61,-0.31,33.76,-57.99,34.02,0.2,
-10.04,-25.14,-88.41,0,-90,-15.8,-0.74,0.35,35.69,-63.17,37.63,-0.85,-91.59,0,90,14.21,-0.61,-0.26,33.46,-57.64,33.99,0.14,
-15.04,-27.14,-88.38,0,-90,-15.81,-0.75,0.34,35.03,-62.07,37.26,-0.84,-91.62,0,90,14.19,-0.61,-0.22,33.16,-57.28,33.97,0.08,
-10.04,-29.13,-88.35,0,-90,-15.83,-0.76,0.33,34.36,-60.98,36.89,-0.82,-91.65,0,90,14.17,-0.61,-0.18,32.87,-56.94,33.96,0.02,
-5.04,-31.13,-88.32,0,-90,-15.84,-0.77,0.32,33.7,-59.92,36.53,-0.81,-91.69,0,90,14.16,-0.61,-0.13,32.58,-56.61,33.94,-0.04,
-0.09,-33.12,-88.29,0,-90,-15.86,-0.78,0.31,33.05,-58.89,36.17,-0.8,-91.72,0,90,14.14,-0.61,-0.1,32.3,-56.3,33.93,-0.1,
4.95,-35.12,-88.26,0,-90,-15.87,-0.79,0.3,32.42,-57.91,35.83,-0.78,-91.74,0,90,14.13,-0.61,-0.06,32.03,-56.01,33.91,-0.16,
9.95,-37.11,-88.23,0,-90,-15.89,-0.8,0.29,31.83,-57,35.49,-0.77,-91.77,0,90,14.12,-0.61,-0.03,31.79,-55.73,33.9,-0.21,
14.95,-39.11,-88.21,0,-90,-15.9,-0.8,0.27,31.29,-56.16,35.17,-0.75,-91.79,0,90,14.1,-0.62,0.01,31.56,-55.49,33.88,-0.25,
19.94,-36.12,-88.18,0,-90,-15.91,-0.81,0.26,30.8,-55.41,34.86,-0.74,-91.82,0,90,14.09,-0.62,0.04,31.36,-55.27,33.86,-0.29,
14.95,-33.13,-88.16,0,-90,-15.92,-0.82,0.25,30.38,-54.77,34.57,-0.72,-91.83,0,90,14.08,-0.62,0.06,31.19,-55.07,33.84,-0.33,
9.95,-30.13,-88.15,0,-90,-15.92,-0.82,0.24,30.02,-54.23,34.29,-0.71,-91.85,0,90,14.08,-0.62,0.08,31.04,-54.92,33.82,-0.36,
4.95,-27.14,-88.14,0,-90,-15.93,-0.83,0.23,29.75,-53.81,34.04,-0.69,-91.86,0,90,14.07,-0.62,0.09,30.93,-54.8,33.78,-0.38,
-0.05,-24.14,-88.13,0,-90,-15.94,-0.83,0.22,29.57,-53.54,33.83,-0.68,-91.87,0,90,14.07,-0.62,0.1,30.85,-54.72,33.74,-0.39,
-5.04,-21.15,-88.14,0,-90,-15.93,-0.81,0.06,29.65,-53.24,33.61,-0.52,-91.86,0,90,14.07,-0.65,-0.04,30.76,-54.6,33.67,-0.25,
-10.04,-18.15,-88.15,0,-90,-15.93,-0.77,-0.23,29.73,-52.94,33.39,-0.24,-91.85,0,90,14.07,-0.71,-0.32,30.66,-54.44,33.57,0.01,
-5.04,-15.16,-88.16,0,-90,-15.92,-0.69,-0.73,29.83,-52.62,33.17,0.26,-91.84,0,90,14.08,-0.83,-0.81,30.53,-54.24,33.43,0.5,
-0.05,-12.16,-88.17,0,-90,-15.91,-0.61,-1.23,29.93,-52.29,32.94,0.75,-91.83,0,90,14.09,-0.94,-1.31,30.41,-54.03,33.29,0.99,
4.95,-14.16,-88.19,0,-90,-15.91,-0.51,-1.89,30.03,-51.96,32.72,1.4,-91.82,0,90,14.09,-1.09,-1.97,30.26,-53.79,33.12,1.64,
9.95,-16.16,-88.2,0,-90,-15.9,-0.4,-2.54,30.14,-51.64,32.5,2.04,-91.8,0,90,14.1,-1.24,-2.63,30.12,-53.54,32.95,2.28,
14.95,-18.16,-88.21,0,-90,-15.9,-0.29,-3.24,30.24,-51.31,32.29,2.73,-91.79,0,90,14.1,-1.4,-3.34,29.98,-53.29,32.77,2.97,
19.94,-20.15,-88.22,0,-90,-15.89,-0.17,-3.98,30.35,-50.98,32.08,3.46,-91.78,0,90,14.11,-1.57,-4.1,29.83,-53.02,32.59,3.71,
24.94,-22.15,-88.23,0,-90,-15.88,-0.05,-4.75,30.45,-50.67,31.88,4.21,-91.77,0,90,14.12,-1.75,-4.88,29.68,-52.76,32.39,4.47,
19.94,-24.14,-88.24,0,-90,-15.88,0.07,-5.53,30.55,-50.36,31.68,4.98,-91.76,0,90,14.12,-1.92,-5.67,29.54,-52.49,32.2,5.25,
14.95,-26.14,-88.26,0,-90,-15.87,0.19,-6.3,30.65,-50.06,31.49,5.74,-91.74,0,90,14.13,-2.1,-6.46,29.4,-52.23,32.01,6.02,
9.95,-28.13,-88.27,0,-90,-15.87,0.31,-7.06,30.74,-49.78,31.32,6.48,-91.73,0,90,14.13,-2.27,-7.23,29.26,-51.98,31.83,6.78,
4.95,-30.13,-88.28,0,-90,-15.86,0.43,-7.79,30.83,-49.52,31.16,7.2,-91.72,0,90,14.14,-2.44,-7.98,29.13,-51.74,31.65,7.51,
-0.04,-32.13,-88.29,0,-90,-15.86,0.54,-8.48,30.92,-49.28,31.01,7.88,-91.71,0,90,14.14,-2.6,-8.68,29.01,-51.51,31.49,8.2,
-5.04,-34.13,-88.29,0,-90,-15.85,0.64,-9.12,30.99,-49.06,30.87,8.51,-91.71,0,90,14.15,-2.74,-9.33,28.9,-51.3,31.33,8.83,
-10.04,-36.12,-88.3,0,-90,-15.85,0.73,-9.69,31.06,-48.87,30.76,9.07,-91.7,0,90,14.15,-2.88,-9.91,28.8,-51.12,31.2,9.41,
-5.04,-38.12,-88.31,0,-90,-15.85,0.81,-10.19,31.11,-48.7,30.66,9.56,-91.69,0,90,14.15,-2.99,-10.42,28.71,-50.96,31.08,9.91,
-0.04,-40.11,-88.31,0,-90,-15.84,0.88,-10.61,31.16,-48.56,30.57,9.97,-91.69,0,90,14.16,-3.09,-10.85,28.64,-50.82,30.98,10.33,
4.95,-37.12,-88.32,0,-90,-15.84,0.94,-10.93,31.2,-48.45,30.5,10.29,-91.68,0,90,14.16,-3.16,-11.19,28.59,-50.71,30.91,10.66,
9.95,-34.12,-88.32,0,-90,-15.84,0.97,-11.14,31.22,-48.38,30.46,10.5,-91.68,0,90,14.16,-3.21,-11.41,28.55,-50.64,30.86,10.87,
14.95,-31.13,-88.46,0,-90,-14.52,0.89,-11.71,28.62,-44.35,27.92,11.13,-91.54,0,82.97,12.98,-2.94,-11.96,27.5,-49.09,29.21,11.46,
19.94,-28.13,-88.6,0,-90,-13.2,0.81,-12.28,26.02,-40.32,25.39,11.75,-91.4,0,75.94,11.81,-2.68,-12.51,26.46,-47.54,27.55,12.06,
24.94,-25.14,-88.74,0,-90,-11.88,0.73,-12.86,23.41,-36.29,22.85,12.38,-91.26,0,68.92,10.63,-2.41,-13.05,25.41,-45.98,25.9,12.65,
19.94,-22.15,-88.88,0,-90,-10.56,0.65,-13.43,20.81,-32.26,20.31,13.01,-91.12,0,61.89,9.45,-2.14,-13.6,24.37,-44.43,24.24,13.24,
14.95,-19.16,-89.02,0,-90,-9.24,0.57,-14,18.21,-28.23,17.78,13.63,-90.98,0,54.87,8.28,-1.87,-14.15,23.32,-42.88,22.59,13.84,
9.95,-16.16,-89.16,0,-90,-7.92,0.49,-14.57,15.61,-24.2,15.24,14.25,-90.84,0,47.84,7.1,-1.6,-14.7,22.27,-41.32,20.93,14.43,
4.96,-13.17,-89.3,0,-90,-6.6,0.41,-15.14,13.01,-20.16,12.7,14.88,-90.7,0,40.81,5.92,-1.34,-15.25,21.23,-39.77,19.28,15.03,
-0.15,-10.18,-89.44,0,-90,-5.28,0.32,-15.71,10.41,-16.13,10.16,15.5,-90.56,0,33.79,4.74,-1.07,-15.8,20.18,-38.22,17.62,15.62,
-5.04,-12.17,-89.58,0,-90,-3.96,0.24,-16.28,7.8,-12.1,7.62,16.12,-90.42,0,26.76,3.56,-0.8,-16.35,19.14,-36.66,15.97,16.22,
-10.04,-14.16,-89.72,0,-90,-2.64,0.16,-16.85,5.2,-8.07,5.08,16.75,-90.28,0,19.74,2.38,-0.54,-16.9,18.09,-35.11,14.31,16.81,
-15.03,-16.16,-89.86,0,-90,-1.32,0.08,-17.42,2.6,-4.03,2.54,17.38,-90.14,0,12.71,1.22,-0.27,-17.45,17.05,-33.55,12.65,17.41,
-10.04,18.16,-89.93,0,-9,0-0.66,0.04,-17.7,1.3,-2.02,1.27,17.69,-90.07,0,7.41,0.65,-0.13,-17.73,16.52,-32.78,11.83,17.7,
-5.04,-20.15,-89.97,0,-90,-0.33,-1.57,-17.85,-0.45,-1.01,0.64,17.84,-90.03,0,14.42,0.35,0.44,-17.87,23.55,-25.8,4.85,17.85,
-0.06,-22.15,-89.98,0,-90,-0.17,-1.57,-17.93,-3.19,-0.51,0.33,17.92,-90.02,0,21.44,0.19,0.71,-17.93,30.57,-18.85,-2.1,17.93,
4.95,-24.15,-89.99,0,-90,-0.08,-0.78,-17.96,-6.24,-0.26,0.16,17.96,-90.01,0,28.47,0.13,0.85,-17.96,37.58,-11.91,4.71,17.96,
9.95,-26.14,-90,0,-90,-0.04,-0.39,-17.98,-7.97,-0.13,0.08,17.98,-90,0,35.5,-0.1,0.93,-17.98,44.6,-6.63,11.57,17.98,
14.94,-28.14,-90.6,0,-90,-1.24,1.48,-17.62,-8.34,-1.32,0.76,17.62,-90.6,0,36.32,1.17,0.92,-17.62,44.42,-7.7,11.82,17.62,
19.94,-30.14,-89.08,0,-90,-6.64,-0.37,-12.01,-8.28,-8.35,7.79,11.19,-91.86,0,43.34,5.51,0.64,-11.62,41.36,-14.71,18.83,11.62,
24.93,-32.14,-87.04,0,-90,-12.06,-0.81,-6.6,-1.28,-15.38,14.82,5.8,-93.43,0,50.36,8.99,0.41,-5.66,38.79,-21.7,25.82,5.66,
29.93,-34.14,-84.74,0,-90,-15.17,-0.54,-3.81,5.78,-22.41,21.85,3.33,-95.51,0,57.38,9.75,0.36,-2.91,39.07,-28.72,32.83,2.9,
24.93,-36.13,-82.37,0,-90,-17.58,-0.18,-2.25,12.81,-29.44,28.88,2.02,-97.75,0,64.4,9.88,0.36,-1.12,39.34,-35.73,39.78,1.12,
19.94,-38.12,-79.93,0,-90,-19.35,-0.02,-1.63,19.52,-36.47,32.53,1.51,-100.14,0,71.42,9.24,0.41,-0.26,40.1,-42.75,43.12,0.35,
14.95,-40.11,-77.47,0,-90,-20.92,0.13,-1.33,25.66,-43.51,35.26,1.27,-102.56,0,78.44,8.38,0.48,0.44,40.88,-49.77,44.93,-0.58,
9.95,-42.11,-74.98,0,-90,-22.32,0.22,-1.34,28.12,-49.31,36.77,1.3,-105.03,0,83.12,7.3,0.56,0.81,41.51,-55.68,44.79,-0.98,
0.00,0,-115,0,-85,-85,0,0,32.88,-67.17,41.29,0,-115,0,85,85,0,0,32.88,-67.17,41.29,0,
0.00,0,-115,0,-85,-85,0,0,32.88,-67.17,41.29,0,-115,0,85,85,0,0,32.88,-67.17,41.29,0,
0.00,0,-115,0,-85,-85,0,0,32.88,-67.17,41.29,0,-115,0,85,85,0,0,32.88,-67.17,41.29,0,
0.00,0,-115,0,-85,-85,0,0,32.88,-67.17,41.29,0,-115,0,85,85,0,0,32.88,-67.17,41.29,0,
0.00,0,-115,0,-85,-85,0,0,32.88,-67.17,41.29,0,-115,0,85,85,0,0,32.88,-67.17,41.29,0,
0.00,0,-115,0,-85,-85,0,0,32.88,-67.17,41.29,0,-115,0,85,85,0,0,32.88,-67.17,41.29,0,
0.00,0,-115,0,-85,-85,0,0,32.88,-67.17,41.29,0,-115,0,85,85,0,0,32.88,-67.17,41.29,0,
0.00,0,-115,0,-85,-85,0,0,32.88,-67.17,41.29,0,-115,0,85,85,0,0,32.88,-67.17,41.29,0,
0.00,0,-115,0,-85,-85,0,0,32.88,-67.17,41.29,0,-115,0,85,85,0,0,32.88,-67.17,41.29,0,
0.00,0,-115,0,-85,-85,0,0,32.88,-67.17,41.29,0,-115,0,85,85,0,0,32.88,-67.17,41.29,0,
0.00,0,-115,0,-85,-85,0,0,32.88,-67.17,41.29,0,-115,0,85,85,0,0,32.88,-67.17,41.29,0,
0.00,0,-115,0,-85,-85,0,0,32.88,-67.17,41.29,0,-115,0,85,85,0,0,32.88,-67.17,41.29,0,








































































